mu_0: 1.2566370614359173e-06
h_bar: 1.05457e-34
gamma_h: 267522000.0
T1: 5.0
T2: 0.7
q_factor: 100
v_s: 5.000000000000001e-07
n_modes: 50
delta_nu: 0.2
Delta: 10.0
nu_0: 50.0
d0_total: -2.5e+17
cplng_beta_calc: 4.742139068733405e-16